1,9074.410163339382,9912.767644726408,9906.875371507826,9233.610341643584
6,24820.05460412013,25484.199796126402,25062.65664160401,26802.46582685607
11,30248.03387779794,29940.119760479043,6562.541015881349,2373.9435951001806
16,31357.792411414237,30788.17733990148,29359.953024075163,6949.753283758427
21,32786.88524590164,31705.770450221942,30571.69061449098,31505.9861373661
26,4444.641984088182,6876.16035205941,9946.290033817386,31036.623215394164
31,33456.005352960856,30422.878004259204,30988.534242330337,5023.6109715663615
36,17079.419299743808,34071.550255536626,32615.786040443574,31806.615776081424
41,4365.287235900122,6915.151096051449,8202.099737532808,34002.04012240734
46,32082.130253448828,4805.843906189927,30883.261272390366,29931.158335827597
51,32258.064516129034,31786.39542275906,31230.48094940662,4910.1443582441325
56,35398.23008849558,32690.421706440015,30902.348578491965,30266.34382566586
