1,10372.368011617053
2,15893.19771137953
3,19428.793471925394
4,23041.474654377882
5,27240.533914464722
6,30057.10850616171
7,30693.677102516882
8,32927.23081988805
9,33255.73661456601
10,33344.448149383126
11,33311.125916055964
12,34989.50314905529
13,36023.05475504323
14,34674.06380027739
15,33978.93306150187
16,33681.37420006736
17,33967.391304347824
18,36995.93044765076
19,35273.36860670194
20,37064.49221645664
21,36751.19441381845
22,37369.20777279522
23,34542.31433506045
24,35026.26970227671
25,35739.814152966406
26,37921.880925293895
27,36832.412523020255
28,36778.22728944465
29,34662.04506065858
30,36062.02668589975
