1,6773.6909842173
2,12939.958592132505
3,17799.9288002848
4,21155.06663845991
5,14390.559792775939
6,25933.609958506226
7,13095.861707700367
8,29481.132075471698
9,18871.48518588413
10,28826.751225136926
11,30358.227079538556
12,32320.620555914673
13,32341.526520051746
14,30562.34718826406
15,33806.62609871535
16,29472.443265546714
17,31735.9568390987
18,31210.98626716604
19,34106.41200545702
20,18053.800324968404
21,17605.6338028169
22,25438.81963876876
23,24679.170779861797
24,16458.196181698488
25,26219.192448872574
26,17736.7860943597
27,17400.382808421786
28,16636.167027116953
29,17442.87458573173
30,13392.259274139547
