1,9201.324990798676
2,15890.672175433021
3,19932.230416583614
4,22650.056625141562
5,25176.233635448138
6,28376.844494892168
7,30102.347983142685
8,30021.014710297208
9,30012.004801920768
10,32195.75016097875
11,33233.632436025255
12,32414.91085899514
13,33388.9816360601
14,35298.270384751144
15,34602.07612456747
16,32583.903551645486
17,34494.65332873404
18,34758.42891901286
19,36509.67506389193
20,35561.87766714083
21,34223.134839151266
22,35997.120230381566
23,36179.4500723589
24,34928.396786587495
25,35360.67892503536
26,33467.20214190094
27,33647.37550471063
28,35971.22302158274
29,33909.7999321804
30,34965.03496503497
