1,8345.155637152633
2,13960.631020522127
3,17577.781683951485
4,20329.335230737954
5,22271.714922049
6,26191.723415400735
7,26917.900403768504
8,27457.440966501923
9,28826.751225136926
10,29655.990510083036
11,30969.34035305048
12,31055.900621118013
13,31979.53309881676
14,30102.347983142685
15,31918.28917969997
16,31466.331025802392
17,32690.421706440015
18,32061.55819172812
19,32851.5111695138
20,31928.480204342275
21,32478.07729782397
22,32797.63857002296
23,32310.17770597738
24,33090.668431502316
25,33534.5405767941
26,32883.919763235775
27,32701.111837802484
28,33178.500331785006
29,32113.037893384713
30,33738.19163292847
