1,9550.186228631459
2,15888.147442008261
3,20128.824476650563
4,22686.025408348458
5,25484.199796126402
6,26903.41673392521
7,28719.126938541067
8,29647.198339756895
9,31289.111389236547
10,30911.901081916538
11,33266.7997338656
12,33123.55084465055
13,34387.8954607978
14,35124.69265893923
15,33978.93306150187
16,34435.26170798898
17,33738.19163292847
18,32840.72249589491
19,32092.42618741977
20,36616.62394727206
21,33944.33129667345
22,35112.3595505618
23,34141.34516899966
24,34025.17863218782
25,36791.75864606328
26,35932.44699964068
27,36101.08303249098
28,35448.422545196736
29,36337.20930232558
30,35149.3848857645
