1,7583.801001061732
2,10412.328196584756
3,3157.1636042179707
4,3128.9111389236546
5,3093.7722364879496
6,3065.415976948072
7,3097.605550909147
8,3000.48007681229
9,3128.030279333104
10,2573.2077607946067
11,2816.028836135282
12,2936.857562408223
13,2868.123673492801
14,3000.9302883894006
15,2870.840869290615
16,3098.5653642363586
17,3005.07858280494
18,3028.834504482675
19,3045.901739209893
20,3189.385724309498
21,2486.2015812242057
22,2799.1602519244225
23,2883.3400611268094
24,2864.4266849989976
25,2854.777470096206
26,2955.606786073181
27,3092.1459492888066
28,3001.2004801920766
29,3112.9373677001618
30,3050.826774055769
