1,3277.291646183594
3,6291.286568103177
5,4798.004030323385
7,6269.592476489028
9,4319.841029850101
11,5902.839265686795
13,3292.3978533565996
15,3683.105594637398
17,5609.468783306221
19,3374.843913469002
21,3713.3308577794282
23,7100.759781296599
25,3776.720296094871
27,5093.465084296847
29,4643.603436266543
31,5066.626133657597
33,4634.564582657459
35,5075.111652456354
37,7275.902211874272
39,4997.7510120445795
41,7171.029042667623
43,4942.420797706717
45,7001.330252748022
47,4912.073877591119
49,6925.207756232687
