1,1883.9487565938207
3,1006.9986405518353
5,1083.4940516176566
7,1415.748789534785
9,1379.63384517749
11,1244.6325222478063
13,1579.1551519936834
15,925.8144852934369
17,1239.403103465371
19,1577.1129370574226
21,928.4878646636089
23,1211.6512383075656
25,1524.94815176284
27,817.8687974875071
29,1050.133366937601
31,1278.8377922144355
33,1259.9853841695435
35,1287.763669611353
37,1174.9224551179623
39,1459.470504101112
41,1176.0140180870956
43,1235.1626091574956
45,1196.8164681946023
47,1225.6253753477713
49,1089.9895361004535
