1,7915.149596327371
2,11627.906976744185
3,13575.889220743959
4,15625.0
5,17064.846416382254
6,17736.7860943597
7,19305.019305019305
8,20072.260136491368
9,20894.27496865859
10,20008.003201280513
11,21168.501270110075
12,21331.058020477816
13,20824.656393169513
14,20040.080160320642
15,21872.265966754156
16,21542.438604049978
17,22371.364653243847
18,21303.79207498935
19,21440.82332761578
20,22104.332449160036
21,21276.59574468085
22,20781.37988362427
23,21070.375052675936
24,21824.53077258839
25,22133.68747233289
26,21477.66323024055
27,20876.826722338206
28,21105.951878429718
29,21213.406873143827
30,20618.556701030928
