1,7039.279177812192
2,10642.826734780758
3,13743.815283122594
4,15169.902912621359
5,17035.775127768313
6,17397.355601948504
7,15797.788309636651
8,19083.969465648854
9,19409.937888198758
10,20185.708518368996
11,18511.662347278787
12,19334.880123743234
13,19164.430816404754
14,20120.72434607646
15,19739.43939992104
16,20618.556701030928
17,20008.003201280513
18,19607.843137254902
19,20416.49652919559
20,20593.080724876443
21,20292.20779220779
22,19091.256204658268
23,19447.68572539868
24,20441.53720359771
25,20868.113522537562
26,20408.163265306124
27,19142.41960183767
28,21939.447125932427
29,19238.16852635629
30,20391.517128874388
