1,7217.090069284065
3,17863.522686673812
5,4530.627038782168
7,27777.777777777777
9,30238.88720895071
11,9140.767824497258
13,25799.79360165119
15,32341.526520051746
17,4384.042086804034
19,18254.837531945966
21,32829.94090610637
23,4480.688233712698
25,12478.163214374845
27,30543.677458766037
29,7036.802476954472
31,15845.349389954048
33,30940.59405940594
35,7555.723460521345
37,33909.7999321804
39,34141.34516899966
41,5094.762584063583
43,31938.677738741615
45,31585.59696778269
47,4785.604900459418
49,27555.80049600441
51,31466.331025802392
53,5016.806301108714
55,27352.297592997813
57,31191.515907673114
59,3278.1511227667597
