1,8612.522607871846
2,14934.289127837515
3,19436.34596695821
4,21331.058020477816
5,26917.900403768504
6,26588.67322520606
7,29214.139643587496
8,28555.111364934324
9,31201.248049921996
10,33590.86328518643
11,32679.738562091505
12,31867.431485022305
13,32268.473701193932
14,33377.83711615487
15,35186.488388458834
16,33534.5405767941
17,35310.734463276836
18,35050.82369435682
19,33990.482664853844
20,36643.459142543055
21,34602.07612456747
22,34782.608695652176
23,33478.40642785403
24,33579.583613163195
25,35186.488388458834
26,34916.20111731844
27,35688.79371877231
28,34758.42891901286
29,34340.65934065934
30,34758.42891901286
