1,8205.464839583163
2,14419.610670511896
3,18005.041411595248
4,20631.318341242004
5,23025.558369790466
6,24869.43546381497
7,26560.42496679947
8,27570.995312930798
9,27886.22420524261
10,28901.73410404624
11,29744.1998810232
12,31766.200762388817
13,31397.174254317113
14,30129.557095510696
15,31466.331025802392
16,31675.641431738994
17,32488.62897985705
18,31347.96238244514
19,32278.889606197547
20,33233.632436025255
21,32435.939020434642
22,32851.5111695138
23,32873.10979618672
24,31766.200762388817
25,31655.587211142767
26,33244.68085106383
27,32258.064516129034
28,33422.45989304813
29,33101.62197947699
30,32786.88524590164
