1,1123.2295094856731
2,2179.693970966476
3,2878.36048586725
4,2724.4244653316987
5,3250.024375182814
6,2882.508935777701
7,2511.742395699897
8,2905.203218965167
9,2786.369082448661
10,2855.185015989036
11,2694.473634575486
12,2738.4505846591996
13,2737.176328899108
14,2731.34491423577
15,2505.3238131028434
16,2508.0256821829857
17,2498.1888131104947
18,2492.2739507526667
19,2484.5955078513216
20,3104.6258925799443
21,3117.1098157788097
22,3130.380341211457
23,3120.416887696196
24,3093.19805747162
25,3102.218085931441
26,3115.8471988533684
27,3104.144032283098
28,3117.8873195522715
29,3112.6466834749585
30,3113.9067073550477
