1,7897.022822395957
2,13616.557734204793
3,17091.095539224065
4,20652.622883106156
5,22836.263987211692
6,25562.37218813906
7,25575.447570332482
8,26896.18074233459
9,29282.576866764277
10,29069.767441860466
11,30921.459492888065
12,31328.32080200501
13,31938.677738741615
14,30349.013657056144
15,31515.915537346358
16,31796.50238473768
17,31979.53309881676
18,32981.530343007915
19,31959.092361776926
20,31466.331025802392
21,32320.620555914673
22,34614.05330564209
23,33057.85123966942
24,31645.569620253165
25,34458.99379738112
26,33978.93306150187
27,33233.632436025255
28,34843.20557491289
29,33967.391304347824
30,33145.508783559824
