1,7504.6904315197
2,11433.79830779785
3,4657.878801993572
4,3153.4798650310618
5,3719.961312402351
6,3976.7756303189376
7,3789.0269778720826
8,4188.832572362083
9,3069.085105729982
10,3733.1541419345203
11,3693.307726399764
12,4067.851767481593
13,4033.396523212197
14,3026.084851419234
15,3674.444240308653
16,3897.116134060795
17,4058.4415584415583
18,3760.5294825511432
19,3194.888178913738
20,3599.971200230398
21,3895.2944842630104
22,4032.74589668105
23,4084.466772862803
24,3027.5507114744173
25,3752.7676661537885
26,3646.840013128624
27,4037.467700258398
28,4007.37356736395
29,3041.6400523162088
30,3624.8957842462028
