1,8161.932745674176
2,12556.504269211451
3,14351.320321469575
4,16404.199475065616
5,17927.57260666906
6,19440.12441679627
7,20032.05128205128
8,19600.15680125441
9,19584.802193497846
10,21635.65556036348
11,20593.080724876443
12,22084.805653710246
13,22482.01438848921
14,21710.811984368214
15,21459.227467811157
16,22706.63033605813
17,20833.333333333332
18,21654.395842356
19,21285.653469561516
20,22182.78615794144
21,22104.332449160036
22,21440.82332761578
23,23009.66405890474
24,21141.649048625794
25,22624.43438914027
26,22241.992882562277
27,21929.824561403508
28,21177.467174925878
29,21777.003484320558
30,22634.676324128566
