1,8859.750155045627
2,16244.314489928525
3,21150.592216582063
4,25094.10288582183
5,28026.905829596413
6,27754.64890369137
7,29682.398337785693
8,31575.623618566467
9,32258.064516129034
10,33760.9723160027
11,34129.69283276451
12,35137.034434293746
13,35637.91874554526
14,35063.11360448808
15,36456.43456069996
16,35727.045373347624
17,35803.79520229144
18,36350.41802980734
19,36010.082823190496
20,36643.459142543055
21,37397.15781600599
22,35958.28838547285
23,37537.53753753754
24,36886.75765400221
25,33955.85738539898
26,36010.082823190496
27,36496.3503649635
28,37650.60240963855
29,35790.980672870435
30,37792.894935752076
