1,7679.901697258275
2,11238.480557428637
3,4193.223750419323
4,3892.868265337901
5,3042.102701387199
6,3769.459836405443
7,4062.893592816804
8,3780.8612801996296
9,3255.738238645613
10,3855.49600956163
11,4076.4746647099587
12,3021.421881137263
13,3707.6860331467133
14,3757.2797294758593
15,4084.6336083653296
16,3239.390994493035
17,3658.0458718952336
18,4045.7984383218027
19,3203.280158882696
20,3635.3060927730116
21,3510.126715574432
22,3890.89918680207
23,3272.3583886907295
24,3939.4894421682948
25,4006.570776072759
26,3008.0616051016723
27,3644.314868804665
28,3702.8808412945273
29,4066.8591646671275
30,3042.9358244834616
