1,7540.340823405218
2,11602.27404571296
3,4702.341766199567
4,4439.511653718091
5,3254.0431486121506
6,4232.445930503238
7,3145.544336447422
8,3898.33151411196
9,4108.463434675431
10,3127.736769673464
11,3794.3464238284955
12,3116.2355874104082
13,3825.40836234268
14,4068.0172483931333
15,2915.9619758558347
16,3711.814706209866
17,4180.951584580651
18,3268.614761064261
19,3736.9207772795216
20,3092.911047878263
21,3722.8695878783365
22,3847.189627976763
23,3103.1807602792865
24,3769.459836405443
25,4092.4902803355844
26,3083.2793759442543
27,3760.670903689218
28,3072.6686126901213
29,3775.579551461149
30,4104.247896572953
