1,180862176,5775151843,6361.323155216285
2,163513089,7423721025,7669.888019634914
3,152190834,6083349510,8504.847763225038
4,138640246,7749600800,9975.062344139651
5,135222370,5039018918,11701.380762930026
6,129425508,7131004537,11411.617026132602
7,128168587,5319207527,12278.978388998035
8,127819719,5723859279,11981.787682722263
9,120571675,6983809461,13338.668800853675
10,120854086,6543560095,11502.185415228894
11,119114868,5800625792,13206.550449022716
12,114713455,6002150882,13622.122326658493
13,112100906,4900318583,13762.730525736306
14,109122292,4623259658,13083.867591259976
15,111617957,4478876034,14027.212792818067
16,111295494,4580422105,14166.312508853945
17,112764830,6335998866,13823.610727121924
18,107929508,7858469682,14492.753623188406
19,106460952,4615537787,14336.917562724015
20,105961915,6129987848,14142.27124876255
21,101707935,5940735528,15549.681231534754
22,102418795,4444475830,14918.693122482471
23,106271336,4657244020,14503.263234227701
24,103319336,6042438502,14560.279557367501
25,93199331,5358347463,16010.24655779699
26,102009249,6487006825,15008.254539996999
27,99909018,4318216545,15713.387806411061
28,99870951,4515409485,15688.735487919674
29,101310431,4877252528,14786.33742422002
30,108030017,4689747215,14475.969889982629
