1,7369.196757553426
2,11502.185415228894
3,5921.013677541595
4,4435.179846542777
5,4073.6516213133455
6,3147.821707378494
7,3738.3177570093458
8,3824.823101931536
9,4106.101667077277
10,4069.5071826801773
11,3129.9884190428497
12,3823.653118189118
13,4015.580452154359
14,4058.7710041399464
15,3844.822945903341
16,3257.010715565254
17,3700.6883280290135
18,4018.323555412682
19,4078.1371069695365
20,4090.983472426771
21,3060.2564494904673
22,3700.551382155941
23,3955.6962025316457
24,4102.732419791581
25,3812.137846904544
26,3247.28040266277
27,3614.414284165251
28,3956.635277360133
29,4064.8754115686356
30,3855.0501156515033
